48
0 0 0
0 1 4726
0 2 1204
0 3 6362
0 4 3656
0 5 3129
0 6 2413
0 7 562
0 8 462
0 9 5653
0 10 1712
0 11 1603
0 12 2367
0 13 2200
0 14 1289
0 15 1003
0 16 3832
0 17 2257
0 18 3418
0 19 2266
0 20 2956
0 21 719
0 22 1699
0 23 5278
0 24 2577
0 25 6075
0 26 3464
0 27 2653
0 28 3624
0 29 3114
0 30 1573
0 31 3950
0 32 1747
0 33 2141
0 34 6754
0 35 2382
0 36 3305
0 37 1028
0 38 3529
0 39 824
0 40 2187
0 41 4819
0 42 3488
0 43 1946
0 44 6834
0 45 1541
0 46 2378
0 47 3743
1 0 4726
1 1 0
1 2 3587
1 3 2011
1 4 1841
1 5 6976
1 6 6500
1 7 5186
1 8 5027
1 9 2326
1 10 4147
1 11 4722
1 12 3634
1 13 3124
1 14 4906
1 15 3929
1 16 7462
1 17 6337
1 18 7242
1 19 5104
1 20 4042
1 21 4021
1 22 3676
1 23 2862
1 24 3105
1 25 1849
1 26 7172
1 27 6629
1 28 1203
1 29 6813
1 30 6000
1 31 3446
1 32 5252
1 33 2655
1 34 3122
1 35 6273
1 36 7182
1 37 5621
1 38 3084
1 39 4563
1 40 2755
1 41 1590
1 42 7026
1 43 6185
1 44 3471
1 45 5460
1 46 4389
1 47 2087
2 0 1204
2 1 3587
2 2 0
2 3 5162
2 4 2457
2 5 3677
2 6 3070
2 7 1741
2 8 1443
2 9 4461
2 10 1183
2 11 1519
2 12 1497
2 13 1102
2 14 1500
2 15 950
2 16 4297
2 17 2902
2 18 3966
2 19 2168
2 20 2208
2 21 651
2 22 827
2 23 4135
2 24 1517
2 25 4872
2 26 3953
2 27 3253
2 28 2445
2 29 3580
2 30 2440
2 31 2959
2 32 1965
2 33 949
2 34 5563
2 35 2915
2 36 3877
2 37 2034
2 38 2481
2 39 1026
2 40 1394
2 41 3616
2 42 3890
2 43 2685
2 44 5660
2 45 2022
2 46 1866
2 47 2559
3 0 6362
3 1 2011
3 2 5162
3 3 0
3 4 2798
3 5 8063
3 6 7726
3 7 6877
3 8 6580
3 9 1401
3 10 5365
3 11 5945
3 12 4678
3 13 4377
3 14 6224
3 15 5708
3 16 8416
3 17 7577
3 18 8295
3 19 6134
3 20 4801
3 21 5706
3 22 4981
3 23 2321
3 24 4177
3 25 319
3 26 8185
3 27 7799
3 28 2777
3 29 7858
3 30 7407
3 31 3762
3 32 6460
3 33 4222
3 34 1426
3 35 7450
3 36 8262
3 37 7130
3 38 3668
3 39 6010
3 40 4637
3 41 1680
3 42 7986
3 43 7501
3 44 1876
3 45 6757
3 46 5359
3 47 2843
4 0 3656
4 1 1841
4 2 2457
4 3 2798
4 4 0
4 5 5329
4 6 4945
4 7 4199
4 8 3823
4 9 2011
4 10 2572
4 11 3156
4 12 1923
4 13 1579
4 14 3426
4 15 3178
4 16 5748
4 17 4792
4 18 5576
4 19 3408
4 20 2222
4 21 3065
4 22 2184
4 23 1859
4 24 1400
4 25 2490
4 26 5485
4 27 5034
4 28 893
4 29 5140
4 30 4610
4 31 1668
4 32 3676
4 33 1589
4 34 3112
4 35 4681
4 36 5532
4 37 4351
4 38 1251
4 39 3226
4 40 2425
4 41 1168
4 42 5312
4 43 4705
4 44 3240
4 45 3961
4 46 2650
4 47 303
5 0 3129
5 1 6976
5 2 3677
5 3 8063
5 4 5329
5 5 0
5 6 742
5 7 3208
5 8 2669
5 9 6928
5 10 2830
5 11 2265
5 12 3406
5 13 3853
5 14 2177
5 15 4075
5 16 726
5 17 880
5 18 292
5 19 1929
5 20 3309
5 21 3671
5 22 3314
5 23 6198
5 24 3931
5 25 7744
5 26 364
5 27 481
5 28 5773
5 29 260
5 30 1658
5 31 4512
5 32 1745
5 33 4430
5 34 7909
5 35 768
5 36 206
5 37 2224
5 38 4434
5 39 2680
5 40 5052
5 41 6383
5 42 549
5 43 1223
5 44 7804
5 45 1669
5 46 2703
5 47 5229
6 0 2413
6 1 6500
6 2 3070
6 3 7726
6 4 4945
6 5 742
6 6 0
6 7 2467
6 8 1951
6 9 6672
6 10 2379
6 11 1794
6 12 3050
6 13 3404
6 14 1603
6 15 3381
6 16 1468
6 17 167
6 18 1019
6 19 1680
6 20 3109
6 21 2992
6 22 2826
6 23 6008
6 24 3551
6 25 7411
6 26 1103
6 27 266
6 28 5299
6 29 820
6 30 915
6 31 4347
6 32 1269
6 33 3889
6 34 7697
6 35 331
6 36 899
6 37 1483
6 38 4184
6 39 2048
6 40 4414
6 41 6050
6 42 1218
6 43 481
6 44 7634
6 45 1053
6 46 2431
6 47 4883
7 0 562
7 1 5186
7 2 1741
7 3 6877
7 4 4199
7 5 3208
7 6 2467
7 7 0
7 8 717
7 9 6202
7 10 2240
7 11 2050
7 12 2919
7 13 2761
7 14 1686
7 15 1303
7 16 3931
7 17 2330
7 18 3486
7 19 2668
7 20 3486
7 21 1174
7 22 2259
7 23 5839
7 24 3140
7 25 6595
7 26 3562
7 27 2727
7 28 4119
7 29 3239
7 30 1558
7 31 4506
7 32 2081
7 33 2657
7 34 7303
7 35 2511
7 36 3363
7 37 984
7 38 4090
7 39 1318
7 40 2543
7 41 5357
7 42 3631
7 43 1986
7 44 7390
7 45 1784
7 46 2878
7 47 4295
8 0 462
8 1 5027
8 2 1443
8 3 6580
8 4 3823
8 5 2669
8 6 1951
8 7 717
8 8 0
8 9 5788
8 10 1601
8 11 1342
8 12 2329
8 13 2290
8 14 969
8 15 1450
8 16 3375
8 17 1795
8 18 2958
8 19 1950
8 20 2834
8 21 1111
8 22 1724
8 23 5345
8 24 2627
8 25 6284
8 26 3006
8 27 2192
8 28 3888
8 29 2660
8 30 1121
8 31 3919
8 32 1371
8 33 2390
8 34 6882
8 35 1926
8 36 2844
8 37 610
8 38 3542
8 39 675
8 40 2589
8 41 4992
8 42 3038
8 43 1485
8 44 6933
8 45 1111
8 46 2195
8 47 3875
9 0 5653
9 1 2326
9 2 4461
9 3 1401
9 4 2011
9 5 6928
9 6 6672
9 7 6202
9 8 5788
9 9 0
9 10 4391
9 11 4946
9 12 3647
9 13 3500
9 14 5273
9 15 5182
9 16 7215
9 17 6534
9 18 7139
9 19 5021
9 20 3620
9 21 5076
9 22 4089
9 23 921
9 24 3206
9 25 1130
9 26 7013
9 27 6713
9 28 2436
9 29 6706
9 30 6476
9 31 2475
9 32 5431
9 33 3598
9 34 1101
9 35 6375
9 36 7120
9 37 6283
9 38 2496
9 39 5159
9 40 4317
9 41 936
9 42 6794
9 43 6506
9 44 1267
9 45 5772
9 46 4248
9 47 1913
10 0 1712
10 1 4147
10 2 1183
10 3 5365
10 4 2572
10 5 2830
10 6 2379
10 7 2240
10 8 1601
10 9 4391
10 10 0
10 11 585
10 12 765
10 13 1028
10 14 882
10 15 2039
10 16 3352
10 17 2223
10 18 3099
10 19 1048
10 20 1245
10 21 1624
10 22 502
10 23 3840
10 24 1195
10 25 5053
10 26 3041
10 27 2487
10 28 2944
10 29 2675
10 30 2086
10 31 2330
10 32 1113
10 33 1649
10 34 5458
10 35 2131
10 36 3036
10 37 1957
10 38 1996
10 39 930
10 40 2512
10 41 3700
10 42 2922
10 43 2136
10 44 5458
10 45 1393
10 46 710
10 47 2533
11 0 1603
11 1 4722
11 2 1519
11 3 5945
11 4 3156
11 5 2265
11 6 1794
11 7 2050
11 8 1342
11 9 4946
11 10 585
11 11 0
11 12 1298
11 13 1611
11 14 405
11 15 2207
11 16 2823
11 17 1638
11 18 2541
11 19 693
11 20 1585
11 21 1766
11 22 1049
11 23 4356
11 24 1769
11 25 5632
11 26 2497
11 27 1906
11 28 3519
11 29 2127
11 30 1557
11 31 2777
11 32 530
11 33 2170
11 34 6002
11 35 1551
11 36 2471
11 37 1537
11 38 2505
11 39 790
11 40 2911
11 41 4276
11 42 2402
11 43 1563
11 44 5982
11 45 826
11 46 891
11 47 3108
12 0 2367
12 1 3634
12 2 1497
12 3 4678
12 4 1923
12 5 3406
12 6 3050
12 7 2919
12 8 2329
12 9 3647
12 10 765
12 11 1298
12 12 0
12 13 645
12 14 1641
12 15 2445
12 16 3839
12 17 2904
12 18 3654
12 19 1487
12 20 729
12 21 2095
12 22 696
12 23 3075
12 24 532
12 25 4362
12 26 3566
12 27 3121
12 28 2452
12 29 3218
12 30 2841
12 31 1591
12 32 1790
12 33 1479
12 34 4705
12 35 2771
12 36 3609
12 37 2720
12 38 1231
12 39 1655
12 40 2549
12 41 3000
12 42 3402
12 43 2859
12 44 4696
12 45 2125
12 46 755
12 47 1835
13 0 2200
13 1 3124
13 2 1102
13 3 4377
13 4 1579
13 5 3853
13 6 3404
13 7 2761
13 8 2290
13 9 3500
13 10 1028
13 11 1611
13 12 645
13 13 0
13 14 1852
13 15 2025
13 16 4348
13 17 3246
13 18 4118
13 19 1996
13 20 1340
13 21 1752
13 22 605
13 23 3077
13 24 418
13 25 4069
13 26 4051
13 27 3516
13 28 1922
13 29 3689
13 30 3031
13 31 1865
13 32 2141
13 33 837
13 34 4592
13 35 3160
13 36 4059
13 37 2787
13 38 1379
13 39 1662
13 40 1931
13 41 2735
13 42 3914
13 43 3137
13 44 4646
13 45 2394
13 46 1350
13 47 1591
14 0 1289
14 1 4906
14 2 1500
14 3 6224
14 4 3426
14 5 2177
14 6 1603
14 7 1686
14 8 969
14 9 5273
14 10 882
14 11 405
14 12 1641
14 13 1852
14 14 0
14 15 2028
14 16 2802
14 17 1437
14 18 2465
14 19 985
14 20 1986
14 21 1592
14 22 1252
14 23 4715
14 24 2071
14 25 5914
14 26 2453
14 27 1763
14 28 3709
14 29 2081
14 30 1203
14 31 3163
14 32 496
14 33 2286
14 34 6341
14 35 1418
14 36 2378
14 37 1133
14 38 2866
14 39 553
14 40 2884
14 41 4568
14 42 2404
14 43 1288
14 44 6337
14 45 554
14 46 1296
14 47 3405
15 0 1003
15 1 3929
15 2 950
15 3 5708
15 4 3178
15 5 4075
15 6 3381
15 7 1303
15 8 1450
15 9 5182
15 10 2039
15 11 2207
15 12 2445
15 13 2025
15 14 2028
15 15 0
15 16 4758
15 17 3219
15 18 4367
15 19 2899
15 20 3150
15 21 441
15 22 1764
15 23 4959
15 24 2443
15 25 5442
15 26 4395
15 27 3609
15 28 2931
15 29 4033
15 30 2571
15 31 3890
15 32 2524
15 33 1589
15 34 6277
15 35 3312
15 36 4260
15 37 2032
15 38 3397
15 39 1475
15 40 1240
15 41 4286
15 42 4389
15 43 2927
15 44 6418
15 45 2427
15 46 2748
15 47 3336
16 0 3832
16 1 7462
16 2 4297
16 3 8416
16 4 5748
16 5 726
16 6 1468
16 7 3931
16 8 3375
16 9 7215
16 10 3352
16 11 2823
16 12 3839
16 13 4348
16 14 2802
16 15 4758
16 16 0
16 17 1600
16 18 476
16 19 2358
16 20 3616
16 21 4344
16 22 3850
16 23 6432
16 24 4371
16 25 8097
16 26 369
16 27 1205
16 28 6266
16 29 725
16 30 2383
16 31 4753
16 32 2334
16 33 4990
16 34 8147
16 35 1451
16 36 608
16 37 2948
16 38 4751
16 39 3330
16 40 5686
16 41 6745
16 42 436
16 43 1947
16 44 8004
16 45 2333
16 46 3097
16 47 5617
17 0 2257
17 1 6337
17 2 2902
17 3 7577
17 4 4792
17 5 880
17 6 167
17 7 2330
17 8 1795
17 9 6534
17 10 2223
17 11 1638
17 12 2904
17 13 3246
17 14 1437
17 15 3219
17 16 1600
17 17 0
17 18 1164
17 19 1562
17 20 2987
17 21 2828
17 22 2665
17 23 5881
17 24 3400
17 25 7262
17 26 1232
17 27 398
17 28 5137
17 29 922
17 30 793
17 31 4226
17 32 1116
17 33 3723
17 34 7564
17 35 285
17 36 1048
17 37 1347
17 38 4050
17 39 1880
17 40 4247
17 41 5902
17 42 1321
17 43 354
17 44 7507
17 45 886
17 46 2301
17 47 4735
18 0 3418
18 1 7242
18 2 3966
18 3 8295
18 4 5576
18 5 292
18 6 1019
18 7 3486
18 8 2958
18 9 7139
18 10 3099
18 11 2541
18 12 3654
18 13 4118
18 14 2465
18 15 4367
18 16 476
18 17 1164
18 18 0
18 19 2169
18 20 3519
18 21 3964
18 22 3587
18 23 6392
18 24 4182
18 25 7976
18 26 201
18 27 766
18 28 6040
18 29 437
18 30 1931
18 31 4705
18 32 2026
18 33 4710
18 34 8106
18 35 1060
18 36 131
18 37 2502
18 38 4651
18 39 2971
18 40 5343
18 41 6616
18 42 485
18 43 1500
18 44 7988
18 45 1961
18 46 2938
18 47 5468
19 0 2266
19 1 5104
19 2 2168
19 3 6134
19 4 3408
19 5 1929
19 6 1680
19 7 2668
19 8 1950
19 9 5021
19 10 1048
19 11 693
19 12 1487
19 13 1996
19 14 985
19 15 2899
19 16 2358
19 17 1562
19 18 2169
19 19 0
19 20 1429
19 21 2459
19 22 1546
19 23 4332
19 24 2018
19 25 5816
19 26 2078
19 27 1693
19 28 3909
19 29 1732
19 30 1812
19 31 2667
19 32 653
19 33 2693
19 34 6028
19 35 1365
19 36 2129
19 37 1990
19 38 2524
19 39 1473
19 40 3541
19 41 4454
19 42 1922
19 43 1640
19 44 5956
19 45 1070
19 46 776
19 47 3301
20 0 2956
20 1 4042
20 2 2208
20 3 4801
20 4 2222
20 5 3309
20 6 3109
20 7 3486
20 8 2834
20 9 3620
20 10 1245
20 11 1585
20 12 729
20 13 1340
20 14 1986
20 15 3150
20 16 3616
20 17 2987
20 18 3519
20 19 1429
20 20 0
20 21 2778
20 22 1386
20 23 2904
20 24 1061
20 25 4481
20 26 3397
20 27 3118
20 28 2921
20 29 3086
20 30 3114
20 31 1239
20 32 1952
20 33 2174
20 34 4606
20 35 2795
20 36 3500
20 37 3118
20 38 1135
20 39 2172
20 40 3267
20 41 3135
20 42 3188
20 43 3028
20 44 4526
20 45 2354
20 46 710
20 47 2041
21 0 719
21 1 4021
21 2 651
21 3 5706
21 4 3065
21 5 3671
21 6 2992
21 7 1174
21 8 1111
21 9 5076
21 10 1624
21 11 1766
21 12 2095
21 13 1752
21 14 1592
21 15 441
21 16 4344
21 17 2828
21 18 3964
21 19 2459
21 20 2778
21 21 0
21 22 1400
21 23 4780
21 24 2165
21 25 5426
21 26 3983
21 27 3211
21 28 2945
21 29 3619
21 30 2223
21 31 3602
21 32 2088
21 33 1495
21 34 6177
21 35 2905
21 36 3860
21 37 1718
21 38 3131
21 39 1039
21 40 1478
21 41 4210
21 42 3968
21 43 2552
21 44 6289
21 45 2011
21 46 2335
21 47 3188
22 0 1699
22 1 3676
22 2 827
22 3 4981
22 4 2184
22 5 3314
22 6 2826
22 7 2259
22 8 1724
22 9 4089
22 10 502
22 11 1049
22 12 696
22 13 605
22 14 1252
22 15 1764
22 16 3850
22 17 2665
22 18 3587
22 19 1546
22 20 1386
22 21 1400
22 22 0
22 23 3620
22 24 902
22 25 4674
22 26 3536
22 27 2953
22 28 2474
22 29 3168
22 30 2426
22 31 2253
22 32 1577
22 33 1147
22 34 5176
22 35 2597
22 36 3520
22 37 2193
22 38 1832
22 39 1073
22 40 2053
22 41 3339
22 42 3422
22 43 2540
22 44 5212
22 45 1800
22 46 1076
22 47 2189
23 0 5278
23 1 2862
23 2 4135
23 3 2321
23 4 1859
23 5 6198
23 6 6008
23 7 5839
23 8 5345
23 9 921
23 10 3840
23 11 4356
23 12 3075
23 13 3077
23 14 4715
23 15 4959
23 16 6432
23 17 5881
23 18 6392
23 19 4332
23 20 2904
23 21 4780
23 22 3620
23 23 0
23 24 2717
23 25 2041
23 26 6253
23 27 6023
23 28 2568
23 29 5965
23 30 5912
23 31 1686
23 32 4806
23 33 3383
23 34 1715
23 35 5698
23 36 6383
23 37 5786
23 38 1851
23 39 4686
23 40 4284
23 41 1271
23 42 6021
23 43 5891
23 44 1628
23 45 5177
23 46 3580
23 47 1638
24 0 2577
24 1 3105
24 2 1517
24 3 4177
24 4 1400
24 5 3931
24 6 3551
24 7 3140
24 8 2627
24 9 3206
24 10 1195
24 11 1769
24 12 532
24 13 418
24 14 2071
24 15 2443
24 16 4371
24 17 3400
24 18 4182
24 19 2018
24 20 1061
24 21 2165
24 22 902
24 23 2717
24 24 0
24 25 3863
24 26 4096
24 27 3634
24 28 1931
24 29 3747
24 30 3273
24 31 1447
24 32 2283
24 33 1163
24 34 4285
24 35 3282
24 36 4135
24 37 3085
24 38 966
24 39 1972
24 40 2284
24 41 2506
24 42 3934
24 43 3330
24 44 4311
24 45 2588
24 46 1283
24 47 1339
25 0 6075
25 1 1849
25 2 4872
25 3 319
25 4 2490
25 5 7744
25 6 7411
25 7 6595
25 8 6284
25 9 1130
25 10 5053
25 11 5632
25 12 4362
25 13 4069
25 14 5914
25 15 5442
25 16 8097
25 17 7262
25 18 7976
25 19 5816
25 20 4481
25 21 5426
25 22 4674
25 23 2041
25 24 3863
25 25 0
25 26 7865
25 27 7482
25 28 2514
25 29 7538
25 30 7100
25 31 3448
25 32 6145
25 33 3937
25 34 1374
25 35 7133
25 36 7943
25 37 6830
25 38 3348
25 39 5708
25 40 4396
25 41 1362
25 42 7666
25 43 7189
25 44 1797
25 45 6445
25 46 5040
25 47 2527
26 0 3464
26 1 7172
26 2 3953
26 3 8185
26 4 5485
26 5 364
26 6 1103
26 7 3562
26 8 3006
26 9 7013
26 10 3041
26 11 2497
26 12 3566
26 13 4051
26 14 2453
26 15 4395
26 16 369
26 17 1232
26 18 201
26 19 2078
26 20 3397
26 21 3983
26 22 3536
26 23 6253
26 24 4096
26 25 7865
26 26 0
26 27 838
26 28 5972
26 29 373
26 30 2018
26 31 4568
26 32 1995
26 33 4668
26 34 7969
26 35 1084
26 36 305
26 37 2580
26 38 4531
26 39 2975
26 40 5338
26 41 6508
26 42 286
26 43 1580
26 44 7843
26 45 1973
26 46 2837
26 47 5368
27 0 2653
27 1 6629
27 2 3253
27 3 7799
27 4 5034
27 5 481
27 6 266
27 7 2727
27 8 2192
27 9 6713
27 10 2487
27 11 1906
27 12 3121
27 13 3516
27 14 1763
27 15 3609
27 16 1205
27 17 398
27 18 766
27 19 1693
27 20 3118
27 21 3211
27 22 2953
27 23 6023
27 24 3634
27 25 7482
27 26 838
27 27 0
27 28 5426
27 29 557
27 30 1180
27 31 4348
27 32 1376
27 33 4043
27 34 7722
27 35 355
27 36 652
27 37 1743
27 38 4217
27 39 2240
27 40 4613
27 41 6120
27 42 954
27 43 742
27 44 7643
27 45 1230
27 46 2464
27 47 4956
28 0 3624
28 1 1203
28 2 2445
28 3 2777
28 4 893
28 5 5773
28 6 5299
28 7 4119
28 8 3888
28 9 2436
28 10 2944
28 11 3519
28 12 2452
28 13 1922
28 14 3709
28 15 2931
28 16 6266
28 17 5137
28 18 6040
28 19 3909
28 20 2921
28 21 2945
28 22 2474
28 23 2568
28 24 1931
28 25 2514
28 26 5972
28 27 5426
28 28 0
28 29 5611
28 30 4823
28 31 2549
28 32 4049
28 33 1497
28 34 3475
28 35 5070
28 36 5979
28 37 4469
28 38 2095
28 39 3387
28 40 1910
28 41 1500
28 42 5830
28 43 4993
28 44 3703
28 45 4263
28 46 3208
28 47 1195
29 0 3114
29 1 6813
29 2 3580
29 3 7858
29 4 5140
29 5 260
29 6 820
29 7 3239
29 8 2660
29 9 6706
29 10 2675
29 11 2127
29 12 3218
29 13 3689
29 14 2081
29 15 4033
29 16 725
29 17 922
29 18 437
29 19 1732
29 20 3086
29 21 3619
29 22 3168
29 23 5965
29 24 3747
29 25 7538
29 26 373
29 27 557
29 28 5611
29 29 0
29 30 1715
29 31 4279
29 32 1623
29 33 4297
29 34 7678
29 35 734
29 36 419
29 37 2262
29 38 4215
29 39 2605
29 40 4966
29 41 6178
29 42 399
29 43 1276
29 44 7566
29 45 1608
29 46 2500
29 47 5031
30 0 1573
30 1 6000
30 2 2440
30 3 7407
30 4 4610
30 5 1658
30 6 915
30 7 1558
30 8 1121
30 9 6476
30 10 2086
30 11 1557
30 12 2841
30 13 3031
30 14 1203
30 15 2571
30 16 2383
30 17 793
30 18 1931
30 19 1812
30 20 3114
30 21 2223
30 22 2426
30 23 5912
30 24 3273
30 25 7100
30 26 2018
30 27 1180
30 28 4823
30 29 1715
30 30 0
30 31 4329
30 32 1179
30 33 3345
30 34 7544
30 35 1022
30 36 1807
30 37 577
30 38 4061
30 39 1437
30 40 3692
30 41 5762
30 42 2114
30 43 439
30 44 7536
30 45 762
30 46 2403
30 47 4602
31 0 3950
31 1 3446
31 2 2959
31 3 3762
31 4 1668
31 5 4512
31 6 4347
31 7 4506
31 8 3919
31 9 2475
31 10 2330
31 11 2777
31 12 1591
31 13 1865
31 14 3163
31 15 3890
31 16 4753
31 17 4226
31 18 4705
31 19 2667
31 20 1239
31 21 3602
31 22 2253
31 23 1686
31 24 1447
31 25 3448
31 26 4568
31 27 4348
31 28 2549
31 29 4279
31 30 4329
31 31 0
31 32 3183
31 33 2509
31 34 3401
31 35 4030
31 36 4697
31 37 4280
31 38 532
31 39 3244
31 40 3611
31 41 2186
31 42 4338
31 43 4264
31 44 3295
31 45 3575
31 46 1940
31 47 1380
32 0 1747
32 1 5252
32 2 1965
32 3 6460
32 4 3676
32 5 1745
32 6 1269
32 7 2081
32 8 1371
32 9 5431
32 10 1113
32 11 530
32 12 1790
32 13 2141
32 14 496
32 15 2524
32 16 2334
32 17 1116
32 18 2026
32 19 653
32 20 1952
32 21 2088
32 22 1577
32 23 4806
32 24 2283
32 25 6145
32 26 1995
32 27 1376
32 28 4049
32 29 1623
32 30 1179
32 31 3183
32 32 0
32 33 2684
32 34 6474
32 35 1021
32 36 1951
32 37 1340
32 38 2962
32 39 1049
32 40 3357
32 41 4786
32 42 1925
32 43 1085
32 44 6435
32 45 421
32 46 1243
32 47 3618
33 0 2141
33 1 2655
33 2 949
33 3 4222
33 4 1589
33 5 4430
33 6 3889
33 7 2657
33 8 2390
33 9 3598
33 10 1649
33 11 2170
33 12 1479
33 13 837
33 14 2286
33 15 1589
33 16 4990
33 17 3723
33 18 4710
33 19 2693
33 20 2174
33 21 1495
33 22 1147
33 23 3383
33 24 1163
33 25 3937
33 26 4668
33 27 4043
33 28 1497
33 29 4297
33 30 3345
33 31 2509
33 32 2684
33 33 0
33 34 4696
33 35 3692
33 36 4635
33 37 2974
33 38 1980
33 39 1908
33 40 1123
33 41 2717
33 42 4564
33 43 3547
33 44 4829
33 45 2838
33 46 2139
33 47 1750
34 0 6754
34 1 3122
34 2 5563
34 3 1426
34 4 3112
34 5 7909
34 6 7697
34 7 7303
34 8 6882
34 9 1101
34 10 5458
34 11 6002
34 12 4705
34 13 4592
34 14 6341
34 15 6277
34 16 8147
34 17 7564
34 18 8106
34 19 6028
34 20 4606
34 21 6177
34 22 5176
34 23 1715
34 24 4285
34 25 1374
34 26 7969
34 27 7722
34 28 3475
34 29 7678
34 30 7544
34 31 3401
34 32 6474
34 33 4696
34 34 0
34 35 7392
34 36 8096
34 37 7369
34 38 3514
34 39 6248
34 40 5378
34 41 2000
34 42 7737
34 43 7555
34 44 460
34 45 6828
34 46 5266
34 47 3012
35 0 2382
35 1 6273
35 2 2915
35 3 7450
35 4 4681
35 5 768
35 6 331
35 7 2511
35 8 1926
35 9 6375
35 10 2131
35 11 1551
35 12 2771
35 13 3160
35 14 1418
35 15 3312
35 16 1451
35 17 285
35 18 1060
35 19 1365
35 20 2795
35 21 2905
35 22 2597
35 23 5698
35 24 3282
35 25 7133
35 26 1084
35 27 355
35 28 5070
35 29 734
35 30 1022
35 31 4030
35 32 1021
35 33 3692
35 34 7392
35 35 0
35 36 964
35 37 1541
35 38 3882
35 39 1912
35 40 4285
35 41 5771
35 42 1120
35 43 599
35 44 7321
35 45 901
35 46 2127
35 47 4607
36 0 3305
36 1 7182
36 2 3877
36 3 8262
36 4 5532
36 5 206
36 6 899
36 7 3363
36 8 2844
36 9 7120
36 10 3036
36 11 2471
36 12 3609
36 13 4059
36 14 2378
36 15 4260
36 16 608
36 17 1048
36 18 131
36 19 2129
36 20 3500
36 21 3860
36 22 3520
36 23 6383
36 24 4135
36 25 7943
36 26 305
36 27 652
36 28 5979
36 29 419
36 30 1807
36 31 4697
36 32 1951
36 33 4635
36 34 8096
36 35 964
36 36 0
36 37 2379
36 38 4628
36 39 2876
36 40 5249
36 41 6582
36 42 569
36 43 1379
36 44 7985
36 45 1865
36 46 2903
36 47 5431
37 0 1028
37 1 5621
37 2 2034
37 3 7130
37 4 4351
37 5 2224
37 6 1483
37 7 984
37 8 610
37 9 6283
37 10 1957
37 11 1537
37 12 2720
37 13 2787
37 14 1133
37 15 2032
37 16 2948
37 17 1347
37 18 2502
37 19 1990
37 20 3118
37 21 1718
37 22 2193
37 23 5786
37 24 3085
37 25 6830
37 26 2580
37 27 1743
37 28 4469
37 29 2262
37 30 577
37 31 4280
37 32 1340
37 33 2974
37 34 7369
37 35 1541
37 36 2379
37 37 0
37 38 3951
37 39 1126
37 40 3196
37 41 5517
37 42 2657
37 43 1001
37 44 7394
37 45 950
37 46 2428
37 47 4379
38 0 3529
38 1 3084
38 2 2481
38 3 3668
38 4 1251
38 5 4434
38 6 4184
38 7 4090
38 8 3542
38 9 2496
38 10 1996
38 11 2505
38 12 1231
38 13 1379
38 14 2866
38 15 3397
38 16 4751
38 17 4050
38 18 4651
38 19 2524
38 20 1135
38 21 3131
38 22 1832
38 23 1851
38 24 966
38 25 3348
38 26 4531
38 27 4217
38 28 2095
38 29 4215
38 30 4061
38 31 532
38 32 2962
38 33 1980
38 34 3514
38 35 3882
38 36 4628
38 37 3951
38 38 0
38 39 2872
38 40 3079
38 41 2011
38 42 4323
38 43 4045
38 44 3477
38 45 3327
38 46 1754
38 47 999
39 0 824
39 1 4563
39 2 1026
39 3 6010
39 4 3226
39 5 2680
39 6 2048
39 7 1318
39 8 675
39 9 5159
39 10 930
39 11 790
39 12 1655
39 13 1662
39 14 553
39 15 1475
39 16 3330
39 17 1880
39 18 2971
39 19 1473
39 20 2172
39 21 1039
39 22 1073
39 23 4686
39 24 1972
39 25 5708
39 26 2975
39 27 2240
39 28 3387
39 29 2605
39 30 1437
39 31 3244
39 32 1049
39 33 1908
39 34 6248
39 35 1912
39 36 2876
39 37 1126
39 38 2872
39 39 0
39 40 2373
39 41 4391
39 42 2942
39 43 1658
39 44 6284
39 45 1011
39 46 1562
39 47 3253
40 0 2187
40 1 2755
40 2 1394
40 3 4637
40 4 2425
40 5 5052
40 6 4414
40 7 2543
40 8 2589
40 9 4317
40 10 2512
40 11 2911
40 12 2549
40 13 1931
40 14 2884
40 15 1240
40 16 5686
40 17 4247
40 18 5343
40 19 3541
40 20 3267
40 21 1478
40 22 2053
40 23 4284
40 24 2284
40 25 4396
40 26 5338
40 27 4613
40 28 1910
40 29 4966
40 30 3692
40 31 3611
40 32 3357
40 33 1123
40 34 5378
40 35 4285
40 36 5249
40 37 3196
40 38 3079
40 39 2373
40 40 0
40 41 3385
40 42 5283
40 43 3996
40 44 5584
40 45 3385
40 46 3124
40 47 2663
41 0 4819
41 1 1590
41 2 3616
41 3 1680
41 4 1168
41 5 6383
41 6 6050
41 7 5357
41 8 4992
41 9 936
41 10 3700
41 11 4276
41 12 3000
41 13 2735
41 14 4568
41 15 4286
41 16 6745
41 17 5902
41 18 6616
41 19 4454
41 20 3135
41 21 4210
41 22 3339
41 23 1271
41 24 2506
41 25 1362
41 26 6508
41 27 6120
41 28 1500
41 29 6178
41 30 5762
41 31 2186
41 32 4786
41 33 2717
41 34 2000
41 35 5771
41 36 6582
41 37 5517
41 38 2011
41 39 4391
41 40 3385
41 41 0
41 42 6313
41 43 5836
41 44 2204
41 45 5094
41 46 3679
41 47 1168
42 0 3488
42 1 7026
42 2 3890
42 3 7986
42 4 5312
42 5 549
42 6 1218
42 7 3631
42 8 3038
42 9 6794
42 10 2922
42 11 2402
42 12 3402
42 13 3914
42 14 2404
42 15 4389
42 16 436
42 17 1321
42 18 485
42 19 1922
42 20 3188
42 21 3968
42 22 3422
42 23 6021
42 24 3934
42 25 7666
42 26 286
42 27 954
42 28 5830
42 29 399
42 30 2114
42 31 4338
42 32 1925
42 33 4564
42 34 7737
42 35 1120
42 36 569
42 37 2657
42 38 4323
42 39 2942
42 40 5283
42 41 6313
42 42 0
42 43 1675
42 44 7602
42 45 1963
42 46 2661
42 47 5183
43 0 1946
43 1 6185
43 2 2685
43 3 7501
43 4 4705
43 5 1223
43 6 481
43 7 1986
43 8 1485
43 9 6506
43 10 2136
43 11 1563
43 12 2859
43 13 3137
43 14 1288
43 15 2927
43 16 1947
43 17 354
43 18 1500
43 19 1640
43 20 3028
43 21 2552
43 22 2540
43 23 5891
43 24 3330
43 25 7189
43 26 1580
43 27 742
43 28 4993
43 29 1276
43 30 439
43 31 4264
43 32 1085
43 33 3547
43 34 7555
43 35 599
43 36 1379
43 37 1001
43 38 4045
43 39 1658
43 40 3996
43 41 5836
43 42 1675
43 43 0
43 44 7520
43 45 743
43 46 2324
43 47 4669
44 0 6834
44 1 3471
44 2 5660
44 3 1876
44 4 3240
44 5 7804
44 6 7634
44 7 7390
44 8 6933
44 9 1267
44 10 5458
44 11 5982
44 12 4696
44 13 4646
44 14 6337
44 15 6418
44 16 8004
44 17 7507
44 18 7988
44 19 5956
44 20 4526
44 21 6289
44 22 5212
44 23 1628
44 24 4311
44 25 1797
44 26 7843
44 27 7643
44 28 3703
44 29 7566
44 30 7536
44 31 3295
44 32 6435
44 33 4829
44 34 460
44 35 7321
44 36 7985
44 37 7394
44 38 3477
44 39 6284
44 40 5584
44 41 2204
44 42 7602
44 43 7520
44 44 0
44 45 6804
44 46 5207
44 47 3101
45 0 1541
45 1 5460
45 2 2022
45 3 6757
45 4 3961
45 5 1669
45 6 1053
45 7 1784
45 8 1111
45 9 5772
45 10 1393
45 11 826
45 12 2125
45 13 2394
45 14 554
45 15 2427
45 16 2333
45 17 886
45 18 1961
45 19 1070
45 20 2354
45 21 2011
45 22 1800
45 23 5177
45 24 2588
45 25 6445
45 26 1973
45 27 1230
45 28 4263
45 29 1608
45 30 762
45 31 3575
45 32 421
45 33 2838
45 34 6828
45 35 901
45 36 1865
45 37 950
45 38 3327
45 39 1011
45 40 3385
45 41 5094
45 42 1963
45 43 743
45 44 6804
45 45 0
45 46 1643
45 47 3927
46 0 2378
46 1 4389
46 2 1866
46 3 5359
46 4 2650
46 5 2703
46 6 2431
46 7 2878
46 8 2195
46 9 4248
46 10 710
46 11 891
46 12 755
46 13 1350
46 14 1296
46 15 2748
46 16 3097
46 17 2301
46 18 2938
46 19 776
46 20 710
46 21 2335
46 22 1076
46 23 3580
46 24 1283
46 25 5040
46 26 2837
46 27 2464
46 28 3208
46 29 2500
46 30 2403
46 31 1940
46 32 1243
46 33 2139
46 34 5266
46 35 2127
46 36 2903
46 37 2428
46 38 1754
46 39 1562
46 40 3124
46 41 3679
46 42 2661
46 43 2324
46 44 5207
46 45 1643
46 46 0
46 47 2531
47 0 3743
47 1 2087
47 2 2559
47 3 2843
47 4 303
47 5 5229
47 6 4883
47 7 4295
47 8 3875
47 9 1913
47 10 2533
47 11 3108
47 12 1835
47 13 1591
47 14 3405
47 15 3336
47 16 5617
47 17 4735
47 18 5468
47 19 3301
47 20 2041
47 21 3188
47 22 2189
47 23 1638
47 24 1339
47 25 2527
47 26 5368
47 27 4956
47 28 1195
47 29 5031
47 30 4602
47 31 1380
47 32 3618
47 33 1750
47 34 3012
47 35 4607
47 36 5431
47 37 4379
47 38 999
47 39 3253
47 40 2663
47 41 1168
47 42 5183
47 43 4669
47 44 3101
47 45 3927
47 46 2531
47 47 0
-1 -1 -1